a = 0.004020484180386081
b = -0.27711285713441375
c = 22.27320436975914
