m = 0.9583348437801857
c = -21.220355299239376
